46 1
57 1
86 1
107 1
116 1
173 1
238 1
251 1
316 1
17 1
37 1
56 1
95 1
102 1
115 1
118 1
140 1
209 1
218 1
270 1
290 1
318 1
344 1
54 1
137 1
165 1
196 1
201 1
220 1
232 1
236 1
241 1
299 1
341 1
347 1
348 1
53 1
55 1
78 1
154 1
189 1
205 1
297 1
319 1
325 1
47 1
58 1
74 1
97 1
106 1
139 1
144 1
146 1
159 1
174 1
327 1
333 1
350 1
352 1
355 1
358 1
366 1
3 1
8 1
11 1
49 1
119 1
148 1
192 1
216 1
219 1
362 1
41 1
64 1
66 1
70 1
76 1
96 1
99 1
138 1
147 1
152 1
214 1
248 1
252 1
263 1
267 1
276 1
285 1
286 1
294 1
296 1
300 1
320 1
346 1
33 1
52 1
77 1
184 1
208 1
254 1
279 1
326 1
331 1
361 1
13 1
75 1
79 1
92 1
105 1
135 1
155 1
176 1
211 1
229 1
245 1
264 1
274 1
281 1
100 1
157 1
160 1
175 1
191 1
226 1
244 1
262 1
273 1
295 1
328 1
367 1
23 1
68 1
104 1
117 1
168 1
185 1
193 1
227 1
289 1
292 1
343 1
345 1
351 1
24 1
61 1
101 1
142 1
177 1
202 1
221 1
268 1
269 1
283 1
284 1
288 1
298 1
311 1
349 1
354 1
59 1
71 1
94 1
109 1
114 1
158 1
172 1
212 1
231 1
235 1
247 1
301 1
315 1
334 1
337 1
360 1
4 1
36 1
72 1
98 1
141 1
162 1
164 1
178 1
195 1
210 1
265 1
282 1
330 1
379 1
7 1
48 1
111 1
150 1
187 1
194 1
206 1
266 1
324 1
9 1
22 1
51 1
60 1
136 1
151 1
180 1
197 1
237 1
287 1
322 1
336 1
356 1
1 1
2 1
43 1
63 1
69 1
89 1
134 1
145 1
156 1
317 1
321 1
338 1
357 1
380 1
381 1
40 1
44 1
112 1
113 1
143 1
190 1
271 1
278 1
293 1
313 1
314 1
342 1
371 1
383 1
6 1
62 1
67 1
93 1
186 1
188 1
275 1
291 1
309 1
323 1
382 1
65 1
73 1
103 1
198 1
217 1
272 1
277 1
280 1
332 1
335 1
239 2
19 2
179 2
38 2
369 2
80 2
127 2
163 2
171 2
306 2
353 2
375 2
243 2
339 2
378 2
27 2
149 2
161 2
45 2
122 2
129 2
363 2
308 2
364 2
167 2
370 2
14 2
16 2
21 2
166 2
203 2
253 2
12 2
108 2
125 2
181 2
183 2
255 2
30 2
170 2
182 2
207 2
169 2
81 2
25 2
213 2
305 2
307 2
15 2
85 2
249 2
10 2
26 2
204 2
39 2
110 2
199 2
5 2
31 2
200 2
304 2
384 2
246 3
310 3
312 3
34 3
132 3
42 3
224 3
377 3
130 3
256 3
261 3
329 3
50 3
302 3
233 3
359 3
82 3
35 3
90 3
258 3
242 3
91 3
126 3
376 3
133 3
223 3
260 3
225 3
123 3
222 3
257 3
131 3
259 3
88 3
303 3
368 4
365 4
29 4
83 4
373 5
250 5
28 5
385 5
340 5
372 5
374 5
230 6
124 6
234 6
128 6
32 6
153 6
120 6
121 7
228 7
215 7
20 7
87 8
18 8
84 9
240 10
