46 1
311 1
89 1
94 1
72 1
191 1
144 1
336 1
232 1
321 1
201 1
352 1
33 1
333 1
64 1
211 1
206 1
23 1
178 1
371 1
358 1
175 1
7 1
112 1
313 1
86 1
188 1
194 1
236 1
241 1
316 1
137 1
138 1
104 1
239 2
127 2
304 2
48 2
30 2
214 2
249 2
15 2
319 2
369 2
237 2
297 2
26 2
378 2
159 2
69 2
197 2
209 2
173 2
263 2
8 2
52 2
1 2
270 2
235 2
229 2
168 2
57 2
105 2
185 2
193 2
40 2
285 2
315 2
284 2
136 2
246 3
260 3
312 3
90 3
125 3
207 3
216 3
4 3
179 3
227 3
160 3
110 3
359 3
279 3
273 3
44 3
56 3
142 3
355 3
328 3
99 3
187 3
140 3
2 3
314 3
368 4
223 4
88 4
47 4
308 4
248 4
29 4
71 4
189 4
292 4
51 4
158 4
93 4
269 4
290 4
68 4
208 4
14 4
172 4
262 4
130 4
134 4
139 4
132 4
357 4
381 4
309 4
373 5
372 5
184 5
375 5
363 5
100 5
360 5
361 5
362 5
22 5
156 5
186 5
13 5
383 5
230 6
124 6
234 6
91 6
250 6
305 6
329 6
351 6
326 6
74 6
221 6
261 6
152 6
96 6
274 6
66 6
280 6
385 6
384 6
183 6
6 6
111 6
141 6
162 6
382 6
121 7
228 7
303 7
80 7
365 7
19 7
36 7
348 7
166 7
75 7
245 7
101 7
231 7
147 7
58 7
291 7
344 7
204 7
10 7
353 7
324 7
341 7
85 7
113 7
379 7
87 8
222 8
34 8
367 8
182 8
356 8
165 8
12 8
126 8
330 8
247 8
70 8
150 8
190 8
92 8
271 8
318 8
267 8
67 8
43 8
289 8
157 8
380 8
115 8
119 8
117 8
354 8
84 9
225 9
252 9
170 9
16 9
20 9
38 9
338 9
32 9
151 9
293 9
79 9
62 9
154 9
98 9
276 9
282 9
203 9
374 9
264 9
53 9
131 9
135 9
133 9
176 9
240 10
39 10
129 10
21 10
306 10
253 10
243 10
31 10
148 10
171 10
17 10
238 10
155 10
192 10
54 10
301 10
63 10
283 10
265 10
9 10
195 10
128 11
310 11
259 11
49 11
45 11
161 11
5 11
254 11
25 11
332 11
200 11
41 11
143 11
320 11
272 11
278 11
202 11
210 11
335 11
370 11
298 11
350 11
174 11
107 11
257 12
242 12
81 12
181 12
42 12
11 12
153 12
122 12
366 12
212 12
296 12
76 12
349 12
218 12
149 12
163 12
342 12
287 12
345 12
59 12
205 12
322 12
102 12
108 12
55 12
50 13
256 13
302 13
35 13
18 13
364 13
167 13
177 13
28 13
294 13
244 13
347 13
120 13
331 13
323 13
146 13
196 13
286 13
199 13
327 13
339 13
3 13
266 13
198 13
106 13
233 14
377 14
376 14
27 14
307 14
103 14
258 14
164 14
295 14
77 14
219 14
60 14
343 14
288 14
346 14
268 14
213 14
82 14
109 14
226 14
224 15
123 15
83 15
340 15
251 15
169 15
300 15
37 15
325 15
275 15
78 15
277 15
97 15
281 15
61 15
24 15
220 15
180 15
217 15
114 15
118 15
116 15
255 16
215 16
73 16
145 16
334 16
299 16
337 16
65 16
95 16
317 16
