86 1
11 1
126 1
139 1
165 1
191 1
231 1
208 1
181 1
150 1
34 1
158 1
328 1
22 1
361 1
100 1
40 1
235 1
118 1
362 1
104 1
137 1
138 1
185 1
193 1
285 1
238 2
1 2
10 2
141 2
178 2
209 2
146 2
223 2
265 2
297 2
187 2
176 2
214 2
249 2
132 2
357 2
359 2
53 2
116 2
314 2
105 2
229 2
136 2
315 2
284 2
194 2
236 2
241 2
316 2
309 2
57 3
147 3
17 3
2 3
31 3
324 3
60 3
13 3
210 3
171 3
306 3
157 3
301 3
133 3
52 3
99 3
188 3
173 4
149 4
154 4
190 4
201 4
333 4
379 4
85 4
15 4
186 4
8 4
262 4
205 4
335 4
55 4
44 4
117 4
313 4
162 4
354 4
246 5
179 5
33 5
345 5
380 5
77 5
12 5
376 5
110 5
106 5
168 5
27 5
219 5
213 5
327 5
355 5
251 6
198 6
258 6
286 6
382 6
54 6
3 6
164 6
95 6
166 6
196 6
266 6
360 6
29 6
358 6
142 6
114 6
46 7
145 7
244 7
381 7
89 7
160 7
273 7
65 7
7 7
347 7
94 7
23 7
311 7
206 7
294 7
107 8
192 8
245 8
259 8
320 8
348 8
383 8
195 8
211 8
283 8
4 8
338 8
41 8
310 8
353 8
156 8
239 9
21 9
269 9
318 9
332 9
14 9
290 9
81 9
68 9
112 9
140 9
312 10
232 10
255 10
39 10
144 10
64 10
9 10
334 10
227 10
113 10
130 10
373 11
250 11
281 11
180 11
275 11
384 11
123 11
119 11
270 12
292 12
326 12
197 12
175 12
48 12
79 12
26 12
304 12
216 12
134 12
368 13
293 13
93 13
189 13
172 13
184 13
248 13
71 13
51 13
131 13
135 13
19 14
276 14
331 14
282 14
177 14
35 14
30 14
203 14
62 14
115 14
37 15
278 15
337 15
97 15
272 15
182 15
87 15
73 15
264 15
299 15
218 16
349 16
377 16
66 16
6 16
103 16
307 16
226 16
82 16
280 16
296 16
212 16
102 17
364 17
50 17
76 17
122 17
56 18
365 18
16 18
268 18
230 18
170 18
129 18
344 19
38 19
5 19
291 19
341 19
58 19
174 19
183 19
228 19
121 19
369 20
237 20
378 20
159 20
317 20
69 20
127 20
263 20
42 21
74 21
202 21
153 21
322 21
111 21
207 21
221 21
257 21
220 22
372 22
267 22
339 22
225 22
375 23
363 23
370 23
374 23
371 23
319 24
279 24
247 24
84 24
70 24
330 24
163 25
92 25
151 25
343 25
252 25
32 25
222 25
352 25
325 26
287 26
342 26
59 26
305 26
300 26
108 26
261 26
91 26
78 26
217 26
80 27
288 27
346 27
254 27
109 27
321 27
303 27
298 27
224 28
143 28
36 28
75 28
200 28
101 28
366 29
367 29
47 30
61 30
161 30
88 30
98 30
336 30
350 31
67 31
308 31
271 31
289 31
43 31
96 31
243 32
152 32
385 32
169 32
63 32
253 32
148 33
199 33
240 33
45 33
25 33
234 34
20 34
155 34
295 34
124 34
49 35
356 35
277 35
323 35
329 35
274 35
256 36
18 36
215 36
167 36
302 36
120 36
28 37
233 37
90 38
72 38
24 38
260 38
351 39
340 39
83 39
128 40
242 41
125 42
204 42
